Sun 333060.402 2.496885651678830e-03 -1.258985079111157e-03 -1.289388810570866e-04 4.533330106330660e-06 4.713053494735538e-06 -1.096873507557659e-07
Mercury 0.0552735261 3.577515691901368e-01 -1.040975761646838e-02 -3.347033207831684e-02 -4.705863241305117e-03 2.938889571709268e-02 2.832977425714671e-03
Venus 0.814997513 -7.059018262167670e-01 -1.284251736751793e-01 3.900930746288970e-02 3.449112276124217e-03 -1.999271760706250e-02 -4.729671770202899e-04
Earth 1 9.496914000436271e-01 3.135773679013659e-01 -1.396131125177609e-04 -5.695664234420830e-03 1.626250119707557e-02 -1.301975386490114e-07
Luna 0.0123031469 9.507988898284916e-01 3.158789844749471e-01 -3.077516764133656e-04 -6.212212107727177e-03 1.655109496789551e-02 -4.101291681415555e-05
Mars 0.107446849 6.540437093203562e-01 -1.247974846415419e+00 -4.224292258300415e-02 1.293755149020193e-02 7.688190493770983e-03 -1.565560897719544e-04
Jupiter 317.828133 -3.260264902024735 4.167422857344673 5.556780774234790e-02 -6.033993431125951e-03 -4.294488157664531e-03 1.528345003875670e-04
Io 0.0149558839 -3.257502165774477 4.166917151535297 5.559160215887139e-02 -4.246653708488778e-03 5.588702197973087e-03 5.349955759846562e-04
Europa 0.00803699146 -3.264706764577175 4.167231708552568 5.549952908031982e-02 -5.666147220715349e-03 -1.228436292833250e-02 -1.947819648300272e-04
Ganymede 0.0248133432 -3.253219449247454 4.168592222431553 5.570383026058891e-02 -7.060351587930017e-03 1.912258955733209e-03 3.734612086590919e-04
Callisto 0.0180158032 -3.268653976281196 4.157966476269593 5.515333171950795e-02 -2.489982158816261e-03 -7.402419323443918e-03 1.017018996201950e-04
Saturn 95.1609041 -5.754517482764586 -8.095113576857095 3.697729862331683e-01 4.241882001146174e-03 -3.248149304703038e-03 -1.120604279262839e-04
Uranus 14.5357566 1.939015613462868e01 4.957316663808911 -2.327940323209731e-01 -1.002869409421355e-03 3.627181720909371e-03 2.635879912326036e-05
Neptune 17.1478134 2.742989885114719e01 -1.207841031137337e01 -3.834175910043002e-01 1.244392131642981e-03 2.891991555500263e-03 -8.797884585676847e-05
